wc14:772.80814999313
wc19:772.1360370801199
wc11:769.5888678123622
wc13:771.7271888609496
wc16:768.9795276897612
wc12:773.2100080880582
wc18:769.0454376145499
wc15:768.1077582341742
wc17:767.6759171002784
wc0:763.220417370805
